13480253104	180	200	380
13502468823	110349	200	110549
13560436666	954	200	1154
13560439658	5892	400	5138
13602846565	2910	200	3110
13660577991	690	200	890
13719199419	0	200	200
13726230503	24681	200	24881
13726238888	24681	200	24881
13760778710	120	200	320
13826544101	0	200	200
13922314466	3720	200	3920
13925057413	48243	200	48443
13926251106	0	200	200
13926435656	1512	200	1712
15013685858	3538	200	3738
15920133257	2936	200	3136
15989002119	180	200	380
18211575961	2106	200	2306
18320173382	2412	200	2612
84138413	1432	200	1632
